lat=32.29672
lon=34.87003
alt=17
