lat=33.29672
lon=34.87003
alt=17
